VUE_APP_DEFAULT_LATITUDE=45.8910906
VUE_APP_DEFAULT_LONGITUDE=6.0925617
VUE_APP_OW_APP_ID=03391e811e7fe2718bdc2e71919eb57d